ProductID,MaterialCode,Percent
1,1,1,0.94
2,1,6,3.3e-03
3,1,13,0.01
4,1,2,0.05
5,2,1,0.93
6,2,6,3.3e-03
7,2,13,0.01
8,2,2,0.05
9,3,1,0.85
10,3,13,0.01
11,3,2,0.12
12,4,1,0.85
13,4,13,0.01
14,4,2,0.12
15,5,1,0.96
16,5,6,1.0e-04
17,5,16,2.0e-03
18,5,13,7.0e-03
19,5,2,0.02
20,6,1,0.96
21,6,6,1.0e-04
22,6,16,2.0e-03
23,6,13,7.0e-03
24,6,2,0.02
25,7,1,0.96
26,7,6,3.0e-03
27,7,13,0.01
28,7,2,0.01
29,8,1,0.96
30,8,6,3.0e-03
31,8,13,0.01
32,8,2,0.01
33,9,1,0.65
34,9,5,0.02
35,9,13,0.05
36,9,2,0.27
37,10,1,0.65
38,10,5,0.02
39,10,13,0.05
40,10,2,0.27
41,11,1,0.93
42,11,17,3.0e-03
43,11,4,3.0e-03
44,11,2,0.05
45,12,1,0.93
46,12,17,3.0e-03
47,12,4,3.0e-03
48,12,2,0.05
49,13,5,0.77
50,13,8,0.01
51,13,2,0.01
52,13,1,0.19
53,14,5,0.77
54,14,8,0.01
55,14,2,0.01
56,14,1,0.19
57,15,5,0.69
58,15,16,0.02
59,15,1,0.03
60,15,2,0.24
61,16,5,0.69
62,16,16,0.02
63,16,1,0.03
64,16,2,0.24
65,17,5,0.56
66,17,2,0.11
67,17,1,0.15
68,17,9,0.16
69,18,5,0.56
70,18,2,0.11
71,18,1,0.15
72,18,9,0.16
73,19,4,0.68
74,19,12,0.07
75,19,1,0.09
76,19,5,0.15
77,20,4,0.68
78,20,12,0.07
79,20,1,0.09
80,20,5,0.15
81,21,1,0.61
82,21,2,0.03
83,21,8,0.05
84,21,4,0.29
85,22,1,0.61
86,22,2,0.03
87,22,8,0.05
88,22,4,0.29
89,23,1,0.94
90,23,6,3.0e-03
91,23,2,0.01
92,23,12,0.04
93,24,1,0.94
94,24,6,3.0e-03
95,24,2,0.01
96,24,13,0.04
97,25,14,0.40
98,25,1,0.04
99,25,8,0.27
100,25,10,0.28
101,26,14,0.40
102,26,1,0.04
103,26,8,0.27
104,26,10,0.28
105,27,8,0.73
106,27,2,1.0e-03
107,27,1,1.0e-03
108,27,6,0.26
109,28,8,0.73
110,28,2,1.0e-03
111,28,1,1.0e-03
112,28,6,0.26
113,29,14,0.56
114,29,1,0.06
115,29,10,0.07
116,29,17,0.30
117,30,14,0.56
118,30,1,0.06
119,30,10,0.07
120,30,17,0.30
121,31,8,0.56
122,31,1,3.0e-03
123,31,6,0.02
124,31,11,0.40
125,32,8,0.56
126,32,1,3.0e-03
127,32,6,0.02
128,32,11,0.40
129,33,1,0.99
130,33,13,1.0e-03
131,33,2,6.0e-03
132,34,1,0.99
133,34,13,1.0e-03
134,34,2,6.0e-03
135,35,1,0.99
136,35,4,1.0e-04
137,35,13,1.0e-03
138,35,2,3.0e-03
139,36,1,0.99
140,36,4,1.0e-04
141,36,13,1.0e-03
142,36,2,4.0e-03
143,37,1,0.99
144,37,4,1.0e-04
145,37,13,1.0e-03
146,37,2,4.0e-03
147,38,1,0.99
148,38,4,1.0e-04
149,38,13,1.0e-03
150,38,2,4.0e-03
151,39,1,0.99
152,39,2,3.0e-03
153,39,13,3.0e-03
154,40,1,0.99
155,40,2,4.0e-03
156,40,13,4.0e-03
157,41,1,0.99
158,41,2,4.0e-03
159,41,13,4.0e-03
160,42,1,0.99
161,42,2,4.0e-03
162,42,13,4.0e-03
163,43,1,0.97
164,43,13,1.0e-04
165,43,3,1.0e-03
166,43,2,0.02
167,44,1,0.97
168,44,13,1.0e-04
169,44,3,1.0e-03
170,44,2,0.02
171,45,1,0.99
172,45,2,1.0e-03
173,45,12,1.0e-03
174,45,15,1.0e-03
175,46,1,0.99
176,46,2,1.0e-03
177,46,12,1.0e-03
178,46,15,1.0e-03
179,47,1,0.99
180,47,13,1.0e-04
181,47,5,1.0e-03
182,47,6,1.0e-03
183,48,1,0.99
184,48,13,1.0e-04
185,48,5,1.0e-03
186,48,6,1.0e-03
187,49,1,0.99
188,49,4,1.0e-03
189,49,16,1.0e-03
190,49,2,1.0e-03
191,50,1,0.99
192,50,4,1.0e-03
193,50,16,1.0e-03
194,50,2,1.0e-03
195,51,16,0.84
196,51,2,1.0e-04
197,51,1,0.01
198,51,17,0.14
199,52,16,0.84
200,52,2,1.0e-04
201,52,1,0.01
202,52,17,0.14
203,53,1,0.78
204,53,3,1.0e-03
205,53,13,0.03
206,53,2,0.18
207,54,1,0.78
208,54,3,1.0e-03
209,54,13,0.03
210,54,2,0.18
211,55,3,0.76
212,55,2,0.02
213,55,1,0.03
214,55,15,0.16
215,56,3,0.76
216,56,2,0.02
217,56,1,0.03
218,56,15,0.16
219,57,1,0.96
220,57,4,1.0e-03
221,57,16,1.0e-03
222,57,3,0.03
223,58,1,0.96
224,58,4,1.0e-03
225,58,16,1.0e-03
226,58,3,0.03
227,59,1,0.99
228,59,5,1.0e-04
229,59,13,1.0e-03
230,59,4,2.0e-03
231,59,2,2.0e-03
232,60,1,0.99
233,60,5,1.0e-04
234,60,13,1.0e-03
235,60,4,2.0e-03
236,60,2,2.0e-03
237,61,1,0.62
238,61,3,1.0e-03
239,61,5,0.12
240,61,2,0.25
241,62,1,0.62
242,62,3,1.0e-03
243,62,5,0.12
244,62,2,0.25
245,63,4,0.75
246,63,1,0.03
247,63,3,0.04
248,63,2,0.16
249,64,4,0.75
250,64,1,0.03
251,64,3,0.04
252,64,2,0.16
253,65,5,0.73
254,65,1,0.01
255,65,2,0.04
256,65,8,0.06
257,65,15,0.15
258,66,5,0.73
259,66,1,0.01
260,66,2,0.04
261,66,8,0.06
262,66,15,0.15
263,67,3,0.72
264,67,1,4.0e-03
265,67,5,0.04
266,67,9,0.22
267,68,3,0.72
268,68,1,4.0e-03
269,68,5,0.04
270,68,9,0.22
271,69,1,0.83
272,69,14,7.0e-03
273,69,2,0.03
274,69,13,0.12
275,70,1,0.83
276,70,14,7.0e-03
277,70,2,0.03
278,70,13,0.12
279,71,14,0.37
280,71,1,0.01
281,71,8,0.27
282,71,11,0.33
283,72,14,0.37
284,72,1,0.01
285,72,8,0.27
286,72,11,0.33
287,73,1,0.98
288,73,6,1.0e-04
289,73,2,2.0e-03
290,73,13,0.01
291,74,1,0.98
292,74,6,1.0e-04
293,74,2,2.0e-03
294,74,13,0.01
295,75,1,0.98
296,75,6,1.0e-03
297,75,2,3.0e-03
298,75,13,8.0e-03
299,76,1,0.98
300,76,6,1.0e-03
301,76,2,3.0e-03
302,76,13,8.0e-03
303,77,1,0.99
304,77,13,1.0e-03
305,77,2,7.0e-03
306,78,1,0.99
307,78,13,1.0e-03
308,78,2,7.0e-03
309,79,1,0.99
310,79,17,1.0e-04
311,79,13,3.0e-03
312,79,2,4.0e-03
313,80,1,0.99
314,80,17,1.0e-04
315,80,13,3.0e-03
316,80,2,4.0e-03
317,81,1,0.99
318,81,6,1.0e-04
319,81,2,1.0e-03
320,81,13,6.0e-03
321,82,1,0.99
322,82,6,1.0e-03
323,82,2,2.0e-03
324,82,13,6.0e-03
325,83,1,0.99
326,83,6,1.0e-04
327,83,2,1.0e-03
328,83,15,3.0e-03
329,84,1,0.99
330,84,6,1.0e-04
331,84,2,1.0e-03
332,84,15,3.0e-03
333,85,1,0.99
334,85,6,1.0e-04
335,85,13,1.0e-03
336,85,2,2.0e-03
337,86,1,0.99
338,86,6,1.0e-04
339,86,13,1.0e-03
340,86,2,2.0e-03
341,87,1,0.98
342,87,7,1.0e-03
343,87,16,4.0e-03
344,87,13,0.01
345,88,1,0.98
346,88,7,1.0e-03
347,88,16,4.0e-03
348,88,13,0.01
349,89,1,1.00
350,90,1,1.00
351,91,1,0.99
352,91,5,1.0e-04
353,91,8,1.0e-04
354,91,13,1.0e-03
355,92,1,0.99
356,92,5,1.0e-04
357,92,8,1.0e-04
358,92,13,1.0e-03
359,93,1,0.99
360,93,5,1.0e-04
361,93,16,1.0e-03
362,93,2,2.0e-03
363,93,3,4.0e-03
364,94,1,0.99
365,94,5,1.0e-04
366,94,16,1.0e-03
367,94,2,2.0e-03
368,94,3,4.0e-03

